10
44 43 8 28
12 11
0 21
9 30
7 17
10 2
40 10
14 30
31 28
22 41
40 13
11 27
41 6
26 12
11 18
35 7
36 40
3 11
29 19
10 17
20 22
2 2
2 7
32 17
12 5
3 22
5 38
21 29
16 22
40 43 9 30
32 9
25 35
23 21
11 36
37 16
28 4
12 21
12 25
38 32
37 6
5 1
28 28
30 3
9 29
12 7
34 37
12 5
33 37
18 42
33 25
9 42
19 29
3 15
23 20
36 27
19 8
11 5
35 23
13 28
0 17
49 44 7 30
32 6
6 11
9 6
24 1
23 21
13 24
23 27
29 33
41 19
8 21
33 8
23 0
42 2
26 13
45 4
29 18
3 34
24 19
41 41
37 7
25 18
30 12
8 38
35 24
12 15
3 3
42 24
4 28
12 14
29 14
42 44 7 29
19 5
12 36
23 34
3 42
10 18
3 21
20 18
33 37
35 22
33 39
18 31
0 29
25 33
41 30
21 14
21 1
37 28
2 28
9 29
22 41
39 12
31 19
7 38
30 34
1 3
37 18
28 4
23 16
31 37
47 50 6 21
4 23
38 2
29 9
35 47
1 25
44 40
37 45
9 17
35 0
26 22
30 38
21 13
20 15
12 34
4 22
35 28
9 28
44 31
4 20
12 23
31 47
45 40 5 26
23 2
43 34
43 22
18 23
36 20
19 19
5 37
30 31
20 12
17 9
14 0
28 10
1 12
28 29
34 1
6 3
27 38
32 23
38 37
29 15
2 0
40 26
15 5
38 8
10 31
8 32
50 47 7 26
46 35
39 17
46 6
47 14
22 5
5 13
43 18
20 30
34 41
29 46
30 35
9 15
25 6
42 20
21 0
37 29
17 8
4 24
9 1
27 46
32 34
35 25
48 33
9 46
14 27
14 43
41 44 7 24
29 38
19 7
17 2
6 33
31 29
35 26
15 8
31 26
24 27
26 40
0 23
39 40
9 41
8 1
23 32
21 5
27 22
38 35
1 37
25 31
20 40
8 16
25 13
4 3
49 46 4 23
28 24
10 7
3 40
40 16
16 36
8 3
6 39
21 27
47 14
28 44
40 22
43 11
5 30
26 3
22 27
28 35
22 38
33 17
22 6
37 2
11 34
45 9
0 7
50 40 7 24
18 4
41 25
10 12
38 22
27 1
16 12
13 32
15 27
36 28
30 13
44 27
24 4
30 18
44 15
37 27
8 23
18 24
49 18
32 7
23 12
47 23
26 38
11 17
8 33
