10
45 50 5 28
36 36
39 2
5 6
28 27
24 24
39 47
24 8
22 49
18 15
18 41
1 41
23 7
6 47
9 25
4 43
37 4
29 19
41 44
24 31
5 12
40 17
32 12
21 3
32 41
30 22
14 11
4 26
14 49
49 40 6 25
14 30
21 16
20 22
11 8
4 4
1 12
14 13
21 3
2 18
22 28
3 31
26 34
32 36
31 38
48 19
3 19
0 18
43 39
33 33
39 21
46 20
38 21
43 2
18 6
8 39
47 40 7 24
24 37
44 15
2 37
33 22
34 10
13 31
15 0
11 17
29 5
23 17
33 8
27 36
17 6
13 19
34 25
32 23
16 28
9 0
14 18
40 28
31 11
46 29
43 3
40 37
44 45 5 27
16 24
5 11
33 31
12 2
9 39
28 27
27 32
43 21
17 4
19 33
42 1
11 11
30 26
9 26
13 27
6 41
30 39
25 32
5 16
32 21
13 15
25 14
36 26
29 32
29 39
9 37
17 38
44 40 6 22
17 4
40 10
32 36
19 31
17 16
31 23
38 38
12 38
32 13
1 12
33 14
0 30
17 27
40 30
3 32
39 9
9 13
7 21
32 26
29 10
34 10
18 8
40 42 7 27
5 13
8 0
28 17
36 37
21 24
11 14
15 6
15 26
10 38
31 17
5 5
5 39
34 12
28 5
32 2
2 6
0 20
34 11
33 10
0 1
20 26
14 17
30 15
15 7
32 18
9 23
37 37
48 43 7 28
0 24
24 17
39 41
0 1
42 26
19 4
46 4
41 41
1 25
43 21
36 22
1 3
10 25
23 24
9 0
8 41
30 22
44 25
14 35
21 33
22 3
22 37
20 24
41 19
31 40
30 18
7 5
37 1
42 47 7 25
0 12
26 11
37 17
37 21
2 29
20 6
38 11
9 18
34 1
6 11
26 46
26 5
37 16
6 26
16 45
36 8
14 25
40 5
14 17
14 2
15 23
0 26
5 5
32 24
5 16
47 50 5 22
24 24
19 34
22 14
18 26
39 45
23 40
8 22
1 37
18 5
2 38
23 27
32 4
8 46
41 46
10 20
10 15
30 9
31 29
26 45
29 11
0 40
13 12
48 49 5 24
37 28
46 8
46 27
18 46
2 13
3 4
26 10
21 6
21 44
35 9
32 33
15 1
8 44
39 23
31 30
36 22
40 43
12 2
5 9
21 21
22 20
43 36
15 29
5 39
