10
108 8382 8363
173 466
267 422
127 244
107 182
243 289
328 375
139 247
158 191
124 153
256 496
100 144
150 191
166 244
107 109
343 444
196 456
105 139
106 127
146 404
169 320
222 328
313 323
296 493
148 157
230 235
203 352
189 199
132 137
277 465
126 466
293 370
372 439
153 182
311 336
234 490
241 498
272 461
101 122
163 192
391 480
220 254
114 146
216 439
281 355
156 209
114 135
217 219
117 132
249 295
219 396
317 397
133 160
439 455
122 343
104 172
115 119
203 434
208 475
118 286
135 198
357 499
108 109
183 309
401 422
144 145
377 386
129 270
267 297
104 113
135 490
320 331
132 379
240 464
176 236
251 477
146 156
358 448
251 418
202 326
171 362
337 353
191 419
103 109
144 460
142 361
148 223
233 302
277 471
122 352
170 193
174 217
371 421
272 307
151 168
161 210
259 499
256 405
234 342
163 189
212 380
128 213
122 258
255 464
189 439
102 105
214 296
270 298
368 497
144 5688 5346
354 379
236 254
104 264
212 265
120 253
250 402
251 392
224 233
138 272
206 379
405 423
282 306
184 185
140 164
445 480
162 202
105 135
174 200
210 422
131 306
327 333
188 225
253 318
412 499
101 102
327 387
148 308
161 228
160 291
176 235
324 417
109 171
101 153
235 289
381 486
271 382
105 106
214 416
130 382
127 129
297 490
120 122
126 144
103 106
293 331
113 224
247 248
421 470
298 368
111 443
156 176
265 393
133 145
228 471
108 144
177 374
227 343
119 209
118 216
165 361
419 469
213 459
106 383
152 167
221 417
117 161
100 102
166 180
191 302
253 486
148 248
228 471
142 278
297 349
143 245
109 114
123 303
120 134
201 269
155 182
234 319
248 344
342 465
117 146
344 376
127 138
125 216
390 414
135 153
323 342
207 299
132 152
197 228
143 395
253 338
122 176
188 419
122 303
224 251
382 426
105 124
351 478
107 191
105 111
130 345
200 312
369 394
123 402
154 207
208 474
164 292
148 260
124 142
149 345
198 223
120 185
204 398
169 394
250 435
129 322
138 341
175 272
226 230
126 329
105 445
196 208
313 468
233 297
103 309
221 496
481 485
186 225
472 492
266 500
241 260
256 268
167 422
282 300
155 300
227 230
288 375
225 350
296 366
220 253
175 6789 5606
172 191
104 268
109 128
179 491
111 140
209 353
248 386
150 174
262 408
191 266
176 177
305 361
397 408
167 215
130 412
259 442
330 448
124 272
227 425
317 366
171 253
181 315
275 382
137 273
102 105
240 253
107 402
267 269
100 144
110 111
104 198
102 184
391 394
230 272
143 198
286 382
140 221
115 312
100 257
474 478
114 133
383 414
167 390
297 367
203 256
106 164
157 192
112 121
163 330
179 192
124 157
135 139
124 129
342 463
234 304
433 467
330 479
351 413
367 369
197 314
195 328
122 325
142 143
367 370
446 448
133 307
247 259
109 252
162 289
167 171
140 477
102 121
204 343
263 355
254 335
401 407
142 385
105 408
206 279
107 227
326 377
267 277
154 245
143 291
311 312
126 378
225 411
432 440
254 383
168 182
144 208
187 233
197 468
143 352
246 319
105 108
146 156
122 157
104 225
363 477
369 417
120 150
198 274
157 272
190 212
196 377
294 391
209 348
215 418
244 434
200 384
159 237
270 422
161 239
325 345
133 178
104 114
372 461
313 317
176 422
308 482
164 409
162 183
354 424
327 409
160 169
115 211
251 354
115 124
132 137
121 168
327 406
198 458
101 108
305 326
244 270
207 276
127 314
235 276
121 180
129 304
417 470
119 128
117 135
213 249
194 203
285 359
330 408
130 376
207 246
367 478
221 345
345 380
379 430
187 188
118 454
128 327
244 349
176 271
145 178
120 156
299 308
374 404
100 101
305 385
139 150
381 435
120 167
137 451
218 298
131 250
108 111
296 323
404 455
146 173
188 6960 5579
108 233
173 270
101 105
107 196
149 370
251 366
247 355
289 459
102 104
171 207
111 187
142 163
273 308
112 388
137 215
101 108
308 461
159 440
298 427
147 174
249 389
148 249
237 276
131 231
199 281
161 204
174 209
104 267
310 317
110 129
243 324
163 287
294 458
150 160
183 227
120 403
124 140
100 128
452 456
132 161
123 331
241 308
139 489
111 122
327 475
150 198
289 397
107 108
202 232
154 299
281 431
268 417
147 163
207 219
406 435
176 338
126 317
217 248
112 188
266 316
189 206
111 165
171 180
112 395
100 335
147 266
132 295
383 403
100 136
124 187
206 492
130 161
104 134
180 200
156 285
111 321
171 421
173 213
239 314
108 291
199 242
122 451
135 380
385 388
125 424
299 354
125 186
134 309
149 150
107 305
355 465
126 234
127 248
366 440
203 303
131 185
249 332
122 315
104 331
108 204
220 411
388 395
135 276
171 336
111 163
165 279
122 256
142 195
374 469
233 458
343 410
169 187
314 321
324 481
112 119
100 103
100 139
119 347
146 176
102 171
243 340
136 159
131 147
213 235
346 373
116 164
300 305
102 203
129 167
165 480
287 395
278 363
167 204
211 250
144 208
166 295
166 338
272 471
123 197
105 109
155 216
201 269
114 124
250 281
291 391
115 116
125 141
250 272
259 395
182 354
158 163
258 403
196 208
235 418
369 389
139 317
314 330
120 142
104 240
236 304
346 471
121 226
410 437
104 153
114 164
101 113
449 452
124 185
106 456
366 494
107 144
101 126
295 493
148 149
174 198
133 180
162 242
133 209
236 287
412 418
116 132
475 486
308 452
139 162
105 112
110 216
212 313
105 433
165 7693 6904
300 380
146 291
148 204
105 127
311 403
154 225
139 282
336 435
272 327
173 451
229 340
152 366
113 115
145 198
115 282
106 155
128 133
282 395
111 160
217 426
172 196
457 465
253 265
185 292
181 317
347 425
117 143
126 193
229 275
102 149
407 420
184 444
101 415
248 426
113 257
204 253
197 439
267 384
162 216
105 116
107 279
191 315
172 319
324 336
157 224
145 260
260 479
212 341
291 433
198 271
412 417
306 483
138 165
126 388
183 343
142 325
242 283
139 205
143 255
101 323
132 212
152 189
103 147
205 453
249 369
130 336
126 201
314 324
123 175
147 186
361 409
189 200
129 235
133 352
226 399
221 376
276 350
225 441
251 296
235 301
190 486
148 261
102 111
190 271
114 207
256 452
317 388
160 344
229 265
165 272
210 414
332 412
208 222
212 290
218 295
101 217
212 397
110 206
201 340
138 140
133 341
242 270
267 272
315 404
137 316
126 127
325 417
162 454
193 254
101 102
111 136
201 283
168 417
110 142
182 467
116 137
381 460
131 371
107 180
241 319
138 303
110 301
137 204
161 228
195 490
102 113
280 381
219 496
269 475
144 162
130 157
263 482
286 317
104 189
179 399
221 313
302 368
101 112
131 266
126 314
168 444
187 450
183 193
112 122
355 420
107 109
398 418
301 357
119 229
117 364
161 322
261 296
204 292
155 248
161 317
311 340
122 199
195 369
101 111
104 188
266 461
150 390
276 500
154 437
105 154
172 9965 9725
182 224
198 213
111 127
371 392
195 477
141 147
287 334
130 172
103 323
243 397
222 265
165 339
112 254
191 236
196 201
155 458
411 473
140 494
106 111
126 150
170 259
109 160
155 497
186 322
367 471
234 440
198 279
243 259
102 107
218 443
284 290
229 318
238 477
280 500
161 343
126 142
143 181
105 149
226 243
152 229
223 268
262 478
186 306
107 152
155 498
194 391
124 275
414 438
453 469
357 373
203 425
396 495
378 396
167 220
222 242
105 107
192 290
101 115
158 170
141 284
317 478
150 235
164 401
132 138
439 493
132 249
282 353
139 140
397 492
125 343
194 202
184 202
117 131
311 328
227 256
239 421
132 470
229 353
192 263
104 206
184 242
339 460
126 172
102 105
366 406
344 444
236 295
153 302
128 142
356 432
129 296
155 220
109 127
274 335
131 191
134 450
185 315
351 427
126 243
154 158
240 290
106 130
105 350
340 498
103 122
214 275
340 424
169 175
101 104
105 168
181 400
163 448
250 295
143 463
146 157
132 147
126 130
124 128
116 373
362 407
441 471
134 145
221 240
124 127
219 259
124 187
268 337
262 312
135 450
149 409
176 333
167 184
194 248
156 412
173 204
275 485
136 206
150 254
198 307
347 367
125 199
297 311
317 345
223 460
263 349
261 489
115 117
186 326
202 356
277 283
102 106
101 104
268 304
103 464
199 225
123 483
266 426
371 488
120 198
384 481
199 238
291 350
170 251
183 278
168 328
158 371
118 333
155 186
156 351
151 438
160 201
168 191
161 6789 5358
274 382
415 459
368 393
307 441
135 309
238 255
204 404
216 247
177 241
199 235
405 495
138 185
209 313
353 384
200 342
106 122
231 263
138 146
341 443
335 390
262 264
343 440
180 432
186 445
184 434
145 282
189 352
102 258
231 382
153 189
171 249
265 347
146 168
240 262
303 323
341 468
262 402
100 154
219 431
107 122
164 288
155 198
114 243
206 380
294 439
167 187
180 329
245 284
117 120
135 216
132 147
123 151
197 346
236 319
113 116
342 392
110 124
160 376
109 166
283 323
257 319
183 245
168 240
139 218
190 244
302 403
185 303
210 312
179 487
316 466
102 348
245 436
182 190
232 343
213 492
143 362
132 169
151 173
169 286
172 245
162 349
202 499
177 195
237 326
262 288
172 314
117 326
130 282
117 135
179 253
134 152
160 201
296 318
184 447
440 489
256 365
122 446
219 224
321 395
101 118
116 127
129 247
333 482
101 180
146 268
320 388
154 160
179 444
299 396
174 273
151 298
243 258
121 211
283 288
115 235
115 292
119 249
388 494
346 442
138 322
233 239
326 486
206 300
247 391
203 242
216 361
138 150
178 235
111 487
175 494
393 467
332 478
166 237
217 298
266 441
159 307
125 133
265 268
146 208
168 236
134 137
123 265
442 489
126 207
116 128
250 253
156 296
123 156
103 112
387 405
123 254
100 125
213 372
193 354
112 114
200 213
225 246
114 188
156 276
198 271
145 165
108 6623 6386
120 266
124 363
361 427
444 492
142 280
210 379
365 488
255 491
104 112
147 151
348 489
109 217
184 307
210 287
105 475
427 429
356 492
344 351
234 498
131 135
397 437
128 136
221 300
160 161
225 247
114 207
242 275
171 204
280 439
128 151
182 400
177 208
118 189
100 114
302 413
136 156
101 103
264 320
104 276
184 323
179 274
276 379
154 264
234 397
156 303
158 208
127 159
110 125
197 379
172 239
100 101
115 139
102 125
150 258
260 308
218 347
167 280
220 265
181 458
251 432
179 477
274 320
107 332
199 307
128 233
104 115
250 310
116 360
173 257
321 472
114 124
115 301
261 284
104 123
268 456
356 479
248 284
376 472
137 160
148 156
258 441
286 438
166 339
223 263
214 312
225 293
474 479
332 401
347 497
263 397
179 273
195 337
156 262
237 289
420 467
181 497
132 190
111 256
153 178
130 459
445 485
243 405
288 319
249 300
169 316
124 272
197 230
124 314
102 8196 5507
102 360
110 128
104 240
235 340
383 476
239 241
145 420
117 356
276 297
336 391
153 188
176 218
443 468
103 487
134 433
164 276
166 243
159 296
237 339
140 179
211 357
232 320
118 148
273 344
107 108
131 347
111 133
279 497
123 173
296 384
148 165
118 154
195 240
125 401
182 437
156 279
153 295
124 175
457 469
154 251
251 256
398 406
477 490
284 357
154 405
152 351
208 227
231 312
164 268
109 273
100 160
150 464
165 205
153 186
154 401
171 447
261 353
111 307
210 355
212 407
157 167
224 369
136 277
109 112
191 250
239 432
116 180
128 292
195 456
184 334
123 129
288 295
112 143
252 344
102 153
280 346
282 315
385 407
212 217
148 293
266 434
268 274
183 197
161 227
136 144
193 245
308 348
161 466
160 163
148 153
211 228
246 337
186 441
198 316
195 339
175 262
159 190
396 452
108 207
116 178
261 327
205 315
135 8584 5863
221 444
108 143
203 442
307 312
112 136
106 200
109 317
126 277
200 286
155 268
164 165
314 450
118 214
223 233
107 163
130 163
352 448
170 215
263 294
202 275
339 471
118 241
143 183
102 105
183 192
212 231
129 228
115 462
196 479
241 302
113 363
145 254
156 437
142 161
322 341
315 362
325 409
271 452
131 444
135 162
144 415
111 124
115 360
176 275
372 449
192 204
422 461
441 493
214 276
170 202
199 285
194 321
267 295
155 165
111 275
190 221
205 468
257 445
282 422
421 470
131 240
275 309
245 272
218 410
128 159
343 383
235 253
101 151
244 405
205 487
100 103
280 307
169 204
141 300
216 264
155 171
125 209
409 413
144 239
183 194
161 214
237 339
277 308
446 484
400 453
351 388
177 214
100 316
110 132
201 361
326 421
139 155
126 177
226 330
365 487
208 434
159 165
353 362
193 299
368 459
289 297
153 295
161 290
109 134
299 303
225 246
124 454
166 211
150 338
191 215
101 109
252 305
129 162
243 466
213 231
180 240
103 113
342 350
228 358
102 103
301 320
327 361
159 229
153 187
351 422
252 303
104 450
275 320
234 235
205 461
102 176
197 262
382 391
110 120
276 292
