10
572 46
0 18 81 10 6
1 10 71 9 6
2 13 79 5 9
3 32 93 8 8
4 44 74 5 7
5 45 83 7 7
6 10 88 6 7
7 45 71 6 5
8 43 85 7 10
9 44 77 10 9
10 45 59 7 6
11 50 68 6 5
12 39 86 6 7
13 31 64 7 10
14 24 75 10 8
15 39 74 5 6
16 41 80 5 7
17 19 52 8 5
18 38 56 6 5
19 21 69 7 10
20 13 92 6 6
21 40 66 7 8
22 21 69 5 5
23 47 69 6 5
24 16 66 9 8
25 15 59 8 7
26 29 94 9 5
27 39 87 5 10
28 45 86 6 6
29 13 80 5 6
30 20 83 10 6
31 11 93 10 8
32 26 73 8 9
33 46 71 7 9
34 14 64 6 9
35 19 69 8 5
36 20 66 7 6
37 39 78 8 6
38 10 50 5 5
39 39 79 5 7
40 45 66 5 7
41 13 79 6 7
42 41 73 6 8
43 25 57 9 8
44 39 67 8 9
45 15 95 6 8
898 34
0 32 72 6 6
1 33 87 9 9
2 21 100 5 5
3 19 69 5 5
4 48 52 6 5
5 13 94 7 5
6 13 54 7 9
7 26 55 5 8
8 14 86 5 9
9 22 70 8 9
10 20 99 8 8
11 36 51 8 6
12 49 53 9 8
13 25 67 10 8
14 33 55 10 6
15 35 78 6 10
16 33 54 6 9
17 25 90 7 8
18 34 89 10 6
19 30 69 10 10
20 43 93 6 10
21 26 95 9 7
22 39 90 6 8
23 31 94 10 7
24 36 86 10 5
25 19 84 8 6
26 42 97 6 6
27 43 62 6 6
28 11 68 6 7
29 29 53 8 9
30 43 66 9 9
31 36 59 6 6
32 41 96 10 10
33 37 55 5 6
977 22
0 20 73 8 6
1 21 81 6 8
2 10 99 10 6
3 46 77 7 6
4 24 76 10 10
5 23 69 7 7
6 45 92 6 5
7 29 73 9 7
8 40 50 10 9
9 36 52 9 6
10 25 79 5 5
11 48 78 9 6
12 37 79 6 9
13 41 89 8 9
14 40 75 6 7
15 11 59 8 8
16 15 84 8 9
17 26 71 6 7
18 35 50 5 5
19 39 79 8 10
20 23 96 7 10
21 35 53 7 7
574 19
0 42 53 9 7
1 39 94 5 7
2 16 59 8 9
3 26 70 7 5
4 22 57 8 5
5 15 93 6 10
6 20 64 6 10
7 17 60 7 7
8 41 50 7 10
9 16 67 6 6
10 38 93 9 8
11 16 91 5 6
12 32 53 7 8
13 41 88 10 7
14 12 89 5 7
15 34 57 8 7
16 22 72 6 6
17 30 59 8 10
18 27 86 9 10
950 41
0 16 82 5 5
1 24 94 7 8
2 10 80 6 10
3 17 96 7 8
4 25 87 9 7
5 50 92 7 10
6 34 72 5 10
7 18 86 5 9
8 14 90 10 9
9 50 77 7 10
10 27 72 5 10
11 17 61 9 7
12 46 83 9 5
13 45 53 10 7
14 29 55 5 7
15 19 81 8 5
16 13 62 5 6
17 40 69 10 5
18 11 50 8 9
19 48 55 10 10
20 24 56 5 6
21 26 50 9 5
22 50 69 8 9
23 21 76 7 8
24 17 90 7 8
25 25 52 10 8
26 13 88 8 10
27 38 92 8 7
28 38 87 6 5
29 14 99 8 8
30 35 87 6 5
31 44 75 7 5
32 49 74 10 7
33 34 87 9 8
34 13 56 7 5
35 23 98 8 7
36 21 90 5 10
37 36 83 5 5
38 33 82 8 7
39 40 55 9 6
40 47 61 10 10
838 17
0 48 57 9 5
1 27 86 9 7
2 41 88 9 10
3 46 51 5 5
4 15 66 9 10
5 10 66 10 9
6 40 87 5 8
7 17 77 8 10
8 39 84 5 10
9 44 76 10 8
10 48 85 8 10
11 48 58 7 8
12 26 76 7 6
13 20 80 10 8
14 42 89 5 7
15 36 89 5 9
16 45 96 5 10
877 16
0 23 94 7 8
1 49 66 7 10
2 16 72 5 7
3 26 58 7 9
4 49 95 6 8
5 40 73 7 8
6 43 96 5 6
7 41 68 5 10
8 16 88 9 5
9 13 56 5 10
10 25 54 6 7
11 46 62 8 10
12 27 86 9 7
13 17 64 7 6
14 26 55 5 9
15 44 77 9 10
803 17
0 12 84 6 7
1 10 100 6 10
2 50 56 8 7
3 45 87 10 8
4 42 89 5 9
5 41 65 7 7
6 13 56 5 6
7 41 78 8 5
8 23 68 10 10
9 42 86 7 9
10 29 83 5 8
11 24 53 5 5
12 39 99 8 9
13 28 93 10 5
14 37 60 5 6
15 46 76 8 7
16 17 83 7 5
659 42
0 10 54 10 6
1 33 70 7 8
2 47 54 5 9
3 37 62 8 9
4 37 69 6 5
5 17 68 9 8
6 17 59 9 7
7 11 96 8 5
8 35 87 6 5
9 34 64 5 8
10 16 95 8 7
11 39 52 10 5
12 41 60 9 5
13 44 100 9 5
14 20 99 8 9
15 35 92 8 6
16 20 77 10 9
17 22 63 8 5
18 45 67 7 5
19 39 55 8 8
20 28 70 6 7
21 18 58 7 9
22 19 52 9 8
23 45 93 9 5
24 45 73 9 8
25 24 69 7 6
26 41 99 7 9
27 20 53 8 8
28 36 65 8 7
29 39 64 7 7
30 42 76 7 7
31 32 63 6 8
32 37 87 6 8
33 43 57 6 7
34 29 77 5 7
35 39 95 6 5
36 12 95 9 10
37 33 86 6 5
38 10 88 6 7
39 35 93 7 6
40 40 65 9 8
41 27 95 8 7
870 30
0 11 95 8 8
1 39 56 5 9
2 46 55 6 10
3 47 98 7 6
4 29 99 9 7
5 10 61 5 10
6 17 62 5 6
7 15 100 7 10
8 47 81 9 9
9 39 64 5 7
10 35 59 9 9
11 38 62 9 8
12 33 77 9 9
13 23 86 7 8
14 50 72 7 7
15 34 57 10 5
16 30 51 6 8
17 13 100 10 8
18 22 94 10 6
19 10 52 5 7
20 43 89 10 6
21 43 75 5 6
22 15 77 7 7
23 46 53 5 8
24 19 67 7 9
25 39 54 9 10
26 30 70 7 10
27 50 76 8 6
28 17 95 7 8
29 16 77 8 10
