15
1411 126
0 107 343 11 11
1 172 210 11 15
2 163 333 16 16
3 121 214 16 17
4 172 319 13 10
5 190 415 20 17
6 128 345 17 10
7 200 206 19 14
8 198 209 14 18
9 165 371 10 13
10 150 377 11 11
11 180 400 17 15
12 184 430 16 10
13 176 265 16 18
14 148 291 10 17
15 129 356 13 20
16 137 400 19 18
17 165 229 13 19
18 192 309 14 16
19 115 367 14 18
20 172 458 14 14
21 179 240 10 16
22 100 493 15 14
23 116 413 13 19
24 107 403 20 11
25 173 265 17 15
26 170 350 16 11
27 200 405 11 15
28 127 434 14 15
29 169 238 18 20
30 127 315 18 10
31 103 380 20 18
32 187 375 11 13
33 191 434 13 17
34 186 483 18 20
35 169 302 20 11
36 175 500 20 20
37 152 257 11 17
38 175 251 14 15
39 116 248 20 12
40 167 421 11 11
41 199 479 11 17
42 165 277 18 12
43 146 335 18 14
44 101 219 12 16
45 139 392 12 14
46 148 433 11 20
47 155 233 19 16
48 186 356 15 17
49 103 469 17 17
50 192 471 20 13
51 161 391 12 15
52 105 370 12 15
53 133 203 13 11
54 109 366 14 18
55 159 250 20 14
56 136 328 20 11
57 182 367 19 10
58 101 492 19 10
59 181 483 18 20
60 151 481 17 13
61 186 284 11 19
62 112 261 17 13
63 135 233 11 18
64 151 428 15 15
65 174 320 11 19
66 152 379 17 10
67 107 306 18 15
68 106 349 12 10
69 190 461 14 14
70 120 274 12 20
71 149 440 19 10
72 170 303 17 17
73 119 432 20 14
74 196 377 18 17
75 174 235 20 18
76 111 482 13 19
77 187 347 11 20
78 114 322 13 17
79 168 395 11 17
80 176 214 13 17
81 189 491 19 20
82 126 320 19 10
83 200 356 15 18
84 125 391 18 11
85 157 218 15 18
86 172 273 12 13
87 187 244 14 15
88 119 467 11 12
89 135 418 18 12
90 117 428 16 20
91 155 409 13 14
92 149 277 15 14
93 150 424 17 14
94 156 401 13 13
95 125 269 18 19
96 186 307 17 10
97 137 228 12 14
98 174 489 12 19
99 105 477 15 17
100 141 396 13 12
101 150 350 11 18
102 147 275 18 17
103 131 233 11 12
104 182 440 16 20
105 146 332 14 14
106 106 325 16 14
107 153 372 16 16
108 150 431 11 16
109 146 351 18 20
110 166 286 20 15
111 107 239 18 10
112 162 406 16 11
113 179 368 20 20
114 161 344 17 18
115 159 481 20 13
116 150 323 14 13
117 174 268 16 17
118 173 403 14 20
119 159 449 10 10
120 165 290 10 19
121 182 324 17 19
122 194 360 15 16
123 154 420 17 11
124 160 423 15 11
125 143 467 10 10
1204 119
0 159 257 13 10
1 162 460 15 18
2 155 235 10 17
3 123 226 19 18
4 130 477 17 20
5 178 335 20 16
6 161 354 20 17
7 158 321 19 19
8 136 332 11 20
9 112 262 14 18
10 146 354 16 15
11 123 232 12 16
12 173 426 16 18
13 124 312 14 11
14 168 488 14 10
15 124 245 17 12
16 121 202 14 12
17 117 249 20 20
18 119 283 15 15
19 105 444 18 12
20 187 418 17 11
21 144 244 19 10
22 110 223 13 12
23 112 290 16 13
24 157 440 20 13
25 133 366 12 14
26 142 418 19 17
27 116 330 17 18
28 198 226 10 14
29 108 326 18 15
30 179 212 20 17
31 176 225 13 14
32 104 304 17 10
33 134 238 20 14
34 100 469 16 19
35 126 322 12 16
36 143 218 12 14
37 147 247 14 15
38 178 323 19 10
39 150 314 12 11
40 149 300 20 16
41 110 486 20 12
42 168 311 13 16
43 189 249 19 20
44 113 348 16 11
45 154 314 11 15
46 119 379 12 15
47 160 244 20 10
48 155 267 15 14
49 150 218 11 13
50 154 258 20 10
51 195 291 16 16
52 197 486 18 18
53 154 364 20 15
54 101 387 17 17
55 101 458 18 13
56 186 496 15 10
57 108 276 16 18
58 175 268 18 11
59 105 290 17 10
60 172 289 14 16
61 181 404 11 20
62 166 477 11 20
63 191 280 12 13
64 188 493 19 11
65 132 452 13 17
66 181 209 15 13
67 122 425 10 16
68 111 459 19 11
69 123 422 19 16
70 188 260 10 13
71 153 334 11 16
72 156 259 14 19
73 151 223 15 13
74 112 240 14 11
75 114 384 10 12
76 101 288 14 14
77 139 276 20 14
78 136 446 13 13
79 154 355 20 13
80 156 314 17 13
81 197 460 18 20
82 154 451 17 20
83 102 462 11 14
84 126 427 17 13
85 110 262 12 10
86 161 477 17 18
87 200 237 14 17
88 195 328 17 11
89 200 363 12 10
90 165 430 13 16
91 171 201 10 18
92 100 487 17 10
93 176 262 13 12
94 192 379 15 11
95 106 490 13 20
96 116 267 10 18
97 133 357 16 20
98 100 500 14 20
99 144 444 20 12
100 162 355 16 13
101 130 393 20 11
102 175 392 12 14
103 134 355 11 16
104 161 450 16 15
105 131 462 20 16
106 123 381 17 16
107 171 331 16 17
108 119 287 13 16
109 183 210 16 16
110 177 462 12 10
111 158 326 17 17
112 160 201 15 17
113 148 460 10 17
114 128 486 17 11
115 156 229 11 20
116 194 376 20 10
117 147 457 13 20
118 175 404 12 19
1094 123
0 127 304 12 10
1 154 485 15 11
2 161 308 12 10
3 163 282 15 14
4 137 305 14 10
5 200 441 10 20
6 155 390 19 20
7 184 411 15 14
8 135 268 19 15
9 125 354 12 11
10 189 360 13 13
11 120 437 10 14
12 200 328 20 16
13 101 343 16 10
14 109 301 13 17
15 161 212 19 18
16 158 456 19 15
17 194 350 10 17
18 164 475 15 19
19 176 336 11 14
20 177 372 17 18
21 161 204 14 18
22 105 457 16 13
23 133 425 18 20
24 141 203 11 12
25 154 430 12 11
26 105 447 17 16
27 129 372 16 19
28 122 221 15 19
29 145 444 10 18
30 174 311 16 15
31 194 314 11 18
32 158 457 18 13
33 132 307 12 15
34 121 398 11 15
35 154 214 11 17
36 134 282 19 20
37 199 477 17 16
38 133 398 15 14
39 130 290 10 11
40 158 359 11 17
41 157 251 18 16
42 111 425 12 18
43 154 461 18 19
44 133 392 18 20
45 129 395 16 11
46 167 385 18 19
47 200 416 11 17
48 193 341 19 11
49 198 375 16 15
50 119 443 13 11
51 110 344 17 12
52 155 208 11 13
53 171 226 16 17
54 100 280 13 20
55 196 424 13 11
56 144 377 20 12
57 102 407 13 18
58 130 388 14 14
59 129 348 17 11
60 136 249 16 16
61 156 364 20 15
62 131 282 18 17
63 125 485 11 10
64 164 222 16 18
65 136 320 12 19
66 162 493 13 16
67 170 353 19 17
68 115 450 16 17
69 116 440 13 19
70 190 292 10 15
71 116 419 16 15
72 127 392 15 19
73 121 435 10 15
74 118 424 12 17
75 148 242 13 16
76 163 223 11 18
77 103 443 14 12
78 151 317 18 10
79 190 395 20 10
80 168 372 12 10
81 140 246 20 18
82 196 473 20 10
83 120 340 18 17
84 126 376 11 20
85 147 497 17 12
86 131 204 14 10
87 136 475 10 11
88 171 335 11 11
89 191 244 20 16
90 175 242 16 13
91 152 368 12 16
92 153 486 16 17
93 172 210 14 17
94 177 356 17 11
95 131 395 11 18
96 181 269 13 20
97 151 401 13 13
98 161 285 16 17
99 103 235 19 15
100 150 460 14 14
101 130 218 16 18
102 138 348 16 18
103 143 316 15 12
104 185 295 10 16
105 199 335 11 19
106 101 467 17 17
107 173 386 18 19
108 183 269 15 16
109 106 364 14 10
110 108 482 20 14
111 183 454 13 17
112 121 266 20 11
113 126 443 11 15
114 156 477 11 19
115 104 386 10 13
116 115 453 12 16
117 199 372 14 16
118 138 458 20 10
119 193 204 16 13
120 164 387 10 14
121 132 344 18 20
122 106 409 13 12
1877 105
0 149 274 18 18
1 165 499 20 11
2 159 322 12 19
3 169 288 11 11
4 120 416 11 14
5 147 223 15 15
6 130 233 20 12
7 167 464 14 10
8 122 276 15 13
9 107 422 17 18
10 148 404 16 15
11 178 210 12 11
12 136 446 13 10
13 158 476 10 14
14 105 304 14 20
15 119 280 17 14
16 149 204 10 13
17 164 229 18 14
18 184 218 15 16
19 120 476 11 16
20 105 470 14 16
21 107 330 16 11
22 162 230 16 15
23 189 395 10 12
24 175 462 18 12
25 124 367 12 20
26 171 226 14 15
27 111 390 11 19
28 125 481 20 16
29 199 300 14 13
30 154 237 19 13
31 161 422 12 17
32 113 311 15 19
33 190 307 10 20
34 135 253 12 19
35 157 420 17 19
36 186 326 10 20
37 127 331 10 18
38 196 257 13 11
39 189 427 13 17
40 127 404 18 12
41 155 345 20 17
42 158 414 18 10
43 156 215 19 17
44 191 422 10 11
45 128 305 16 15
46 128 411 19 20
47 103 353 13 10
48 181 386 17 18
49 102 466 15 17
50 155 428 10 11
51 137 482 12 17
52 114 232 12 12
53 171 250 11 14
54 129 399 19 15
55 140 457 12 12
56 194 333 15 19
57 105 216 20 19
58 118 210 17 14
59 184 339 17 15
60 179 490 18 10
61 200 429 17 18
62 104 271 16 13
63 186 459 18 16
64 200 356 13 20
65 125 408 18 19
66 165 307 16 10
67 103 500 11 17
68 121 266 12 18
69 109 212 15 12
70 156 220 20 17
71 111 430 10 14
72 133 292 20 18
73 123 292 13 15
74 177 489 20 11
75 128 488 13 19
76 168 439 10 15
77 178 437 10 20
78 128 336 13 19
79 173 366 19 12
80 135 325 16 15
81 186 423 19 12
82 124 427 18 15
83 150 314 16 18
84 168 272 20 16
85 167 334 18 17
86 138 404 16 10
87 163 234 10 19
88 185 274 11 17
89 140 209 20 19
90 185 325 19 17
91 188 376 19 16
92 187 412 11 13
93 110 242 20 18
94 194 488 11 12
95 168 297 10 16
96 100 393 14 12
97 153 326 16 17
98 173 210 18 16
99 185 400 13 15
100 131 401 19 16
101 184 315 15 14
102 100 305 15 14
103 189 422 13 10
104 143 345 17 20
1754 109
0 193 482 20 20
1 162 351 11 11
2 107 357 10 13
3 131 366 12 17
4 153 307 16 18
5 130 351 12 15
6 169 396 17 12
7 111 398 13 15
8 134 374 15 10
9 134 255 18 11
10 140 359 13 17
11 182 437 16 15
12 125 291 17 20
13 148 483 15 17
14 131 477 19 17
15 156 244 11 17
16 128 288 14 11
17 153 282 16 17
18 160 377 17 14
19 114 411 11 11
20 158 450 16 13
21 101 489 16 15
22 142 288 11 11
23 165 437 15 16
24 104 262 16 10
25 122 355 11 17
26 153 227 15 10
27 195 284 14 13
28 146 438 12 20
29 151 228 20 12
30 146 303 16 11
31 156 306 20 11
32 100 304 20 12
33 128 282 11 15
34 158 241 10 12
35 193 402 13 20
36 103 267 12 10
37 172 489 12 14
38 129 475 20 10
39 113 405 20 15
40 162 364 11 17
41 122 288 14 11
42 157 472 18 12
43 193 359 20 19
44 141 349 19 14
45 139 445 18 12
46 122 348 20 10
47 130 231 10 12
48 113 284 12 10
49 146 252 13 10
50 147 307 13 13
51 113 398 16 18
52 116 315 16 19
53 102 463 12 15
54 163 224 15 19
55 142 244 11 11
56 121 439 17 16
57 136 334 10 10
58 156 295 14 11
59 188 380 18 17
60 123 462 14 13
61 150 496 12 12
62 105 341 17 19
63 121 469 19 11
64 162 226 11 13
65 152 485 10 16
66 101 342 10 15
67 144 313 13 14
68 117 347 11 20
69 157 315 13 14
70 147 409 16 15
71 151 414 19 18
72 109 320 20 19
73 197 310 11 20
74 168 371 18 16
75 160 468 11 16
76 169 443 10 19
77 111 339 17 13
78 112 248 11 15
79 114 226 18 16
80 199 379 17 19
81 129 314 16 10
82 158 386 14 18
83 132 460 14 20
84 174 205 19 20
85 190 376 13 12
86 121 314 15 10
87 100 492 13 10
88 149 272 12 16
89 155 283 10 12
90 143 275 12 10
91 165 438 20 15
92 110 476 17 16
93 184 478 19 14
94 162 201 13 20
95 100 367 12 13
96 179 205 17 17
97 169 265 17 15
98 179 334 11 15
99 187 436 10 12
100 122 457 13 20
101 151 239 12 18
102 101 407 12 17
103 176 212 12 16
104 163 219 17 11
105 183 431 11 13
106 152 368 10 13
107 153 426 16 11
108 169 363 18 17
1219 147
0 137 265 20 16
1 145 481 17 19
2 150 422 17 13
3 103 353 19 11
4 106 497 13 11
5 144 284 16 13
6 101 347 14 15
7 156 333 12 15
8 107 451 17 20
9 139 439 11 20
10 192 326 10 20
11 165 463 18 10
12 160 384 15 11
13 108 233 19 20
14 199 412 13 15
15 175 383 20 10
16 160 353 16 18
17 115 270 19 13
18 103 392 13 12
19 181 260 11 15
20 109 211 18 10
21 109 410 10 10
22 112 366 20 11
23 146 220 19 12
24 172 406 13 17
25 164 447 17 13
26 142 228 18 13
27 155 440 18 12
28 166 371 16 11
29 161 393 20 19
30 100 422 19 16
31 131 346 16 17
32 102 401 12 15
33 114 458 13 18
34 199 325 11 10
35 194 436 11 20
36 199 450 19 20
37 158 203 19 11
38 110 218 10 17
39 131 469 19 12
40 140 467 14 15
41 170 222 12 16
42 144 465 17 12
43 176 244 10 17
44 136 489 16 16
45 144 421 16 12
46 173 327 18 14
47 147 423 10 18
48 187 434 18 11
49 108 386 19 11
50 138 388 17 12
51 122 488 14 10
52 126 332 20 13
53 158 496 14 18
54 187 411 16 14
55 152 212 15 18
56 118 247 19 20
57 167 335 11 18
58 169 379 13 10
59 151 362 11 19
60 191 498 10 10
61 119 440 20 11
62 115 400 15 18
63 123 359 15 13
64 189 428 13 18
65 123 206 10 20
66 132 249 19 17
67 138 328 11 15
68 109 373 13 12
69 163 489 14 15
70 103 471 20 15
71 183 442 14 16
72 124 279 17 18
73 153 339 17 18
74 126 245 13 15
75 105 433 18 20
76 198 247 13 13
77 150 373 11 20
78 189 397 10 13
79 154 318 17 15
80 149 200 19 11
81 111 279 14 13
82 117 218 11 17
83 153 234 20 13
84 101 388 17 16
85 124 238 20 20
86 193 451 17 10
87 185 350 16 18
88 189 416 16 13
89 117 281 12 16
90 136 387 13 19
91 184 213 19 17
92 111 219 17 12
93 131 408 10 15
94 181 271 14 18
95 142 285 16 15
96 106 227 12 13
97 125 376 11 16
98 192 429 14 14
99 176 376 17 12
100 119 255 19 14
101 127 331 15 18
102 154 266 14 17
103 101 288 18 13
104 151 330 13 13
105 112 207 18 15
106 183 448 15 17
107 196 291 11 12
108 121 269 12 10
109 191 358 16 19
110 133 474 18 12
111 156 343 20 11
112 160 377 16 17
113 111 433 12 20
114 186 331 12 20
115 180 272 18 18
116 150 214 12 18
117 178 229 14 20
118 198 317 16 14
119 100 409 10 16
120 173 260 13 13
121 125 346 13 15
122 163 442 16 11
123 144 317 20 11
124 146 376 20 10
125 122 251 20 12
126 187 320 16 12
127 106 385 17 20
128 109 435 15 11
129 155 356 17 10
130 152 229 10 14
131 176 434 12 13
132 148 246 14 20
133 101 393 13 10
134 183 442 14 20
135 109 443 12 18
136 113 359 13 15
137 200 404 11 20
138 128 499 16 15
139 191 436 19 19
140 190 451 20 16
141 119 431 18 14
142 160 415 16 17
143 166 236 15 16
144 166 277 16 10
145 183 204 11 19
146 190 216 19 19
1548 130
0 122 200 11 13
1 174 246 10 20
2 195 318 14 14
3 168 223 13 19
4 171 386 13 20
5 180 395 19 11
6 160 436 15 16
7 113 407 11 16
8 173 252 14 19
9 191 401 17 14
10 102 213 17 12
11 162 381 13 12
12 110 385 14 10
13 110 270 14 18
14 191 227 18 18
15 140 292 17 11
16 197 407 10 14
17 142 297 12 11
18 159 318 11 11
19 126 334 15 17
20 134 460 13 19
21 150 452 16 15
22 111 354 12 10
23 192 322 10 12
24 135 415 19 20
25 155 205 18 17
26 100 221 19 12
27 157 358 15 11
28 148 490 12 12
29 129 494 13 15
30 187 368 10 18
31 167 204 12 16
32 118 246 19 13
33 152 323 13 20
34 187 348 12 16
35 198 483 19 20
36 163 248 10 11
37 167 327 14 13
38 143 287 18 13
39 125 243 10 18
40 162 489 12 20
41 187 471 16 14
42 147 351 11 11
43 110 409 13 13
44 150 247 18 13
45 142 226 19 13
46 199 361 13 11
47 110 418 15 15
48 164 434 13 15
49 194 436 16 13
50 130 352 12 17
51 133 438 20 17
52 185 309 14 19
53 139 409 18 10
54 175 326 10 14
55 142 337 13 16
56 149 352 19 20
57 131 443 13 20
58 177 254 18 17
59 134 317 20 19
60 179 223 14 15
61 158 285 10 14
62 178 478 13 20
63 189 312 14 16
64 141 343 17 16
65 182 325 11 20
66 177 302 15 13
67 182 349 12 20
68 123 478 16 13
69 188 270 11 16
70 142 421 10 10
71 148 302 11 18
72 108 369 13 16
73 161 387 15 16
74 141 205 12 14
75 172 211 13 19
76 112 467 20 15
77 173 426 20 11
78 103 284 13 20
79 174 442 10 16
80 114 491 17 19
81 100 338 11 18
82 122 371 12 11
83 168 313 19 12
84 192 328 12 19
85 138 210 11 15
86 113 350 15 16
87 114 499 10 12
88 179 418 20 12
89 138 464 17 11
90 125 378 19 19
91 114 421 15 18
92 181 481 20 10
93 115 327 14 14
94 122 357 18 13
95 111 253 18 19
96 187 485 15 16
97 152 279 10 16
98 104 255 13 15
99 149 367 14 13
100 181 404 20 19
101 170 375 14 12
102 167 339 18 12
103 123 353 12 20
104 123 251 19 16
105 167 385 17 16
106 113 330 20 19
107 147 278 12 15
108 198 316 15 15
109 178 382 19 20
110 118 500 12 12
111 105 444 16 15
112 164 228 17 20
113 146 283 11 10
114 149 428 16 15
115 186 366 13 17
116 133 289 12 14
117 113 326 18 19
118 106 404 15 19
119 127 350 15 11
120 158 443 18 11
121 114 388 17 16
122 151 235 14 17
123 144 273 16 15
124 169 470 13 15
125 180 269 13 10
126 192 463 12 14
127 144 329 12 10
128 130 350 19 11
129 189 333 15 20
1334 119
0 100 456 12 12
1 135 277 12 11
2 136 231 12 10
3 175 454 19 13
4 145 449 17 11
5 126 240 14 17
6 178 446 15 19
7 168 431 11 19
8 104 382 20 20
9 131 294 17 10
10 164 367 16 14
11 187 440 15 16
12 108 276 19 11
13 200 265 17 14
14 124 498 19 20
15 162 214 15 10
16 137 411 11 16
17 140 262 20 18
18 200 316 11 10
19 155 206 11 12
20 196 408 19 20
21 170 396 15 15
22 125 484 11 20
23 109 456 14 10
24 157 287 20 16
25 145 255 12 13
26 139 429 18 15
27 125 269 13 11
28 157 335 12 16
29 167 373 13 13
30 169 472 20 14
31 189 447 16 17
32 177 346 18 11
33 100 319 12 14
34 108 262 15 13
35 123 215 16 11
36 174 215 11 16
37 105 317 15 13
38 166 361 17 14
39 193 458 19 19
40 139 381 16 12
41 160 370 20 11
42 147 219 18 12
43 149 340 18 17
44 192 203 16 18
45 134 296 17 15
46 143 277 17 17
47 130 245 18 15
48 196 315 19 16
49 146 346 16 14
50 135 348 14 17
51 181 394 17 18
52 114 412 18 12
53 180 345 18 10
54 161 410 16 14
55 108 435 20 14
56 137 373 14 15
57 105 233 14 17
58 154 366 16 18
59 132 225 18 11
60 148 245 19 10
61 138 217 11 15
62 168 468 10 13
63 157 311 18 10
64 121 476 19 12
65 147 255 13 16
66 118 449 11 17
67 108 321 17 15
68 180 271 15 14
69 195 294 10 13
70 125 284 18 20
71 126 383 16 18
72 160 490 10 15
73 153 268 20 20
74 185 225 14 14
75 150 300 20 11
76 190 223 14 11
77 145 214 13 16
78 106 308 18 20
79 142 316 13 10
80 105 349 16 16
81 113 319 17 16
82 145 486 19 17
83 112 472 15 14
84 171 305 19 17
85 168 337 20 17
86 200 261 20 13
87 174 395 11 14
88 134 275 11 12
89 118 266 17 11
90 142 414 11 17
91 193 296 20 18
92 176 357 15 19
93 193 326 10 11
94 168 445 19 16
95 176 446 14 13
96 136 266 14 14
97 112 450 18 17
98 129 468 10 16
99 186 207 12 18
100 122 249 11 11
101 132 356 14 10
102 151 287 14 13
103 128 403 11 12
104 140 496 19 10
105 115 415 11 18
106 127 425 12 18
107 113 264 18 18
108 145 445 12 10
109 189 490 14 20
110 114 201 11 15
111 197 369 10 12
112 152 459 14 14
113 171 343 15 17
114 138 285 14 18
115 172 245 17 15
116 112 212 19 11
117 163 308 19 17
118 174 311 16 20
1914 119
0 134 435 20 12
1 191 354 19 11
2 174 259 11 20
3 177 494 10 18
4 168 269 14 15
5 163 276 16 18
6 131 280 16 18
7 165 335 17 13
8 196 291 16 11
9 140 266 12 12
10 109 319 14 17
11 151 215 14 19
12 117 262 11 19
13 103 210 11 12
14 132 476 16 17
15 142 365 16 17
16 105 308 19 10
17 152 445 14 16
18 111 269 12 15
19 151 429 10 19
20 181 347 13 10
21 160 229 17 15
22 142 423 15 12
23 182 307 10 12
24 167 462 17 12
25 108 360 17 11
26 157 383 18 20
27 193 260 18 14
28 140 487 18 14
29 128 255 20 15
30 159 351 15 15
31 118 424 13 17
32 124 349 17 19
33 116 284 15 20
34 121 321 12 11
35 138 457 19 14
36 185 247 20 19
37 109 497 18 19
38 200 430 18 13
39 110 350 19 20
40 140 426 17 17
41 165 336 14 11
42 187 316 10 14
43 118 474 11 12
44 199 375 12 13
45 143 416 19 20
46 198 467 10 13
47 126 472 11 13
48 124 479 12 12
49 160 241 17 11
50 200 267 15 17
51 130 349 19 17
52 170 452 20 18
53 145 420 14 13
54 175 472 12 12
55 142 245 10 18
56 129 321 10 17
57 168 348 17 20
58 197 474 10 17
59 189 462 15 12
60 183 208 18 14
61 145 272 18 15
62 162 379 11 18
63 102 247 14 19
64 197 339 20 10
65 187 373 13 17
66 127 221 10 11
67 170 295 10 11
68 182 439 19 10
69 197 478 11 19
70 192 396 20 13
71 130 372 11 20
72 123 292 14 12
73 162 482 12 10
74 131 345 18 17
75 149 386 13 12
76 181 496 14 12
77 159 469 12 13
78 190 447 10 10
79 167 259 14 13
80 151 485 10 16
81 164 329 18 13
82 151 322 14 20
83 172 343 20 10
84 172 320 18 11
85 116 348 14 19
86 153 454 14 18
87 179 495 14 19
88 161 310 13 20
89 162 374 18 12
90 135 487 16 11
91 135 225 10 19
92 108 336 17 14
93 143 284 14 14
94 180 295 14 12
95 134 268 12 18
96 160 300 14 15
97 117 303 17 18
98 100 442 16 20
99 128 456 11 11
100 182 421 12 17
101 180 456 10 13
102 175 302 10 18
103 101 401 14 16
104 163 482 12 15
105 188 280 12 17
106 162 330 20 20
107 129 394 17 18
108 131 225 14 14
109 118 387 17 13
110 145 413 19 20
111 173 245 16 13
112 196 405 17 17
113 187 318 14 14
114 160 235 13 12
115 168 494 12 18
116 118 474 18 12
117 117 456 16 18
118 145 432 18 14
1332 148
0 149 240 12 19
1 102 214 10 10
2 110 339 10 19
3 189 229 15 20
4 166 315 19 15
5 173 246 20 17
6 178 362 11 11
7 117 404 15 15
8 174 257 16 13
9 157 487 19 10
10 105 333 17 18
11 133 224 10 14
12 196 200 16 14
13 143 223 17 15
14 150 207 15 20
15 142 322 20 17
16 196 325 17 17
17 102 371 12 13
18 170 461 10 10
19 182 453 20 20
20 114 218 13 18
21 141 347 13 18
22 100 292 14 20
23 194 224 11 19
24 146 423 20 18
25 184 327 18 20
26 177 255 11 18
27 119 419 20 10
28 160 207 18 15
29 145 389 16 14
30 107 433 15 20
31 112 439 13 18
32 184 367 13 19
33 125 443 11 19
34 125 347 15 11
35 197 286 18 20
36 155 202 14 20
37 192 427 17 19
38 146 234 20 17
39 200 416 19 14
40 128 242 10 15
41 199 411 18 14
42 144 328 14 10
43 108 477 17 18
44 199 406 11 13
45 134 476 18 11
46 199 387 19 10
47 190 219 13 14
48 145 224 19 17
49 113 303 17 13
50 191 477 15 20
51 131 379 17 13
52 179 327 20 12
53 132 236 16 12
54 146 378 14 11
55 118 347 11 14
56 101 296 16 12
57 108 246 10 14
58 149 459 13 12
59 177 220 17 12
60 191 315 11 14
61 169 377 15 18
62 171 419 15 10
63 179 433 18 15
64 132 362 18 10
65 155 266 10 15
66 140 416 17 14
67 169 391 11 13
68 166 429 17 13
69 114 345 12 20
70 117 373 13 11
71 164 439 11 15
72 122 403 10 13
73 168 428 20 20
74 175 419 11 17
75 100 450 17 16
76 191 235 11 15
77 196 492 15 13
78 193 422 13 11
79 181 406 12 10
80 157 494 18 19
81 110 206 18 14
82 168 341 15 13
83 169 342 16 19
84 189 471 14 12
85 118 491 13 10
86 195 370 15 14
87 103 330 20 20
88 124 260 11 15
89 117 232 16 13
90 103 342 14 13
91 157 249 19 19
92 157 472 20 11
93 104 217 10 14
94 155 359 18 18
95 135 353 13 17
96 109 398 15 15
97 126 308 13 20
98 101 344 19 11
99 166 236 17 18
100 167 366 11 16
101 191 334 16 10
102 177 351 11 19
103 149 448 15 17
104 101 381 17 12
105 141 344 15 18
106 127 422 19 10
107 154 247 16 19
108 102 364 20 17
109 188 438 20 13
110 149 480 11 15
111 137 329 10 18
112 192 279 19 14
113 114 482 20 18
114 156 426 10 19
115 155 343 13 16
116 115 401 15 20
117 163 379 20 10
118 194 280 11 12
119 114 484 12 12
120 185 500 19 12
121 121 326 11 16
122 104 320 11 11
123 142 403 11 19
124 161 316 11 17
125 124 246 12 13
126 134 318 12 15
127 166 414 16 13
128 155 307 14 20
129 162 387 17 16
130 134 303 17 18
131 171 417 12 18
132 200 422 12 15
133 155 298 11 13
134 145 333 16 13
135 181 415 15 14
136 146 296 15 12
137 172 253 20 11
138 199 437 12 20
139 188 249 20 15
140 113 339 13 12
141 152 392 17 19
142 171 280 18 18
143 155 345 10 18
144 187 416 18 12
145 132 406 17 14
146 172 267 14 18
147 138 260 20 13
1721 138
0 167 434 17 12
1 170 430 13 20
2 180 341 11 11
3 143 258 11 14
4 153 339 14 19
5 141 372 16 12
6 159 455 17 16
7 146 418 12 11
8 121 366 18 14
9 133 329 10 19
10 176 496 13 12
11 146 220 10 15
12 139 411 20 16
13 192 202 15 14
14 134 338 16 11
15 151 381 15 20
16 163 404 19 18
17 184 442 14 18
18 195 340 18 14
19 126 233 17 10
20 108 380 12 13
21 141 376 14 10
22 150 454 12 16
23 180 252 12 17
24 182 431 15 18
25 138 292 19 20
26 111 321 14 18
27 137 294 20 13
28 195 494 12 12
29 186 403 15 10
30 137 243 14 14
31 159 209 15 13
32 188 367 20 17
33 192 207 17 14
34 196 410 11 17
35 153 400 10 20
36 178 320 15 19
37 166 328 11 17
38 116 484 15 12
39 118 215 15 11
40 187 276 13 12
41 148 406 11 12
42 185 447 10 12
43 101 266 14 13
44 128 216 18 13
45 185 293 13 14
46 149 324 19 10
47 147 390 17 15
48 123 207 19 17
49 157 275 15 16
50 177 275 12 19
51 115 218 10 12
52 189 442 19 16
53 128 473 17 15
54 128 359 17 20
55 114 399 18 13
56 181 261 10 16
57 151 474 17 15
58 185 373 19 15
59 146 491 13 17
60 115 283 15 13
61 165 476 17 12
62 130 394 17 11
63 197 204 17 14
64 166 211 17 10
65 125 205 10 13
66 190 408 10 15
67 137 255 15 10
68 134 330 10 10
69 142 449 18 19
70 123 471 16 17
71 187 351 17 10
72 154 302 10 20
73 134 296 17 10
74 186 359 20 19
75 188 429 19 19
76 198 239 16 14
77 123 433 14 17
78 194 364 20 18
79 178 328 15 20
80 180 470 18 10
81 134 483 17 12
82 181 389 13 17
83 199 348 14 10
84 108 261 18 15
85 157 343 11 19
86 198 227 17 19
87 200 250 14 18
88 169 402 16 13
89 143 284 17 10
90 173 357 17 16
91 187 300 11 17
92 185 363 11 10
93 159 425 13 14
94 105 498 20 13
95 164 210 17 10
96 181 291 20 12
97 164 422 11 14
98 158 362 13 15
99 137 200 20 16
100 108 430 19 13
101 131 263 12 15
102 126 255 16 14
103 119 495 10 15
104 129 431 20 16
105 184 303 20 19
106 180 341 16 17
107 121 226 16 12
108 153 476 17 14
109 120 221 20 15
110 127 239 18 11
111 155 399 17 14
112 149 322 12 15
113 106 403 20 19
114 154 348 19 13
115 196 243 10 12
116 190 316 16 11
117 138 366 16 10
118 117 382 10 14
119 142 252 18 15
120 169 229 20 18
121 173 481 14 19
122 199 212 10 18
123 178 241 17 18
124 104 400 12 16
125 172 398 20 18
126 167 286 16 20
127 104 288 18 14
128 136 384 12 17
129 168 392 15 20
130 147 315 11 19
131 156 244 16 17
132 155 352 16 12
133 191 307 10 10
134 188 409 17 20
135 142 283 15 20
136 109 455 16 12
137 162 261 13 15
1510 124
0 175 435 17 11
1 176 203 20 10
2 194 391 14 20
3 155 276 12 15
4 102 328 14 20
5 109 395 16 17
6 195 213 13 17
7 195 424 11 10
8 194 306 20 18
9 116 448 15 10
10 110 382 17 11
11 136 370 11 10
12 168 389 15 20
13 147 213 13 15
14 177 419 12 11
15 120 414 16 12
16 148 457 12 19
17 194 339 15 18
18 135 443 18 15
19 191 232 17 11
20 103 252 16 12
21 121 294 14 15
22 138 219 19 15
23 163 273 12 15
24 141 431 18 19
25 115 303 12 14
26 171 346 18 16
27 138 359 10 16
28 155 312 17 16
29 109 387 15 15
30 137 490 19 14
31 191 206 16 14
32 158 493 14 16
33 113 305 14 13
34 169 233 17 15
35 178 468 11 13
36 196 473 18 12
37 126 348 11 16
38 152 216 11 18
39 188 452 16 10
40 114 376 11 12
41 155 228 20 12
42 111 360 15 14
43 197 435 18 10
44 128 480 20 11
45 177 408 12 14
46 126 273 10 13
47 168 424 19 12
48 129 499 20 14
49 198 447 18 16
50 129 264 17 14
51 103 215 11 19
52 200 370 17 18
53 186 200 14 17
54 193 453 14 20
55 176 315 20 13
56 104 274 14 20
57 132 396 14 20
58 151 494 16 15
59 121 321 18 14
60 188 201 12 18
61 183 376 19 20
62 190 334 14 19
63 162 434 10 13
64 183 371 18 16
65 180 401 10 10
66 159 473 11 20
67 175 271 20 19
68 182 368 15 14
69 143 485 18 15
70 185 439 12 13
71 188 247 17 10
72 198 238 17 13
73 172 296 15 12
74 169 407 15 18
75 149 497 20 10
76 166 420 12 13
77 112 216 11 16
78 167 257 18 11
79 170 375 11 13
80 169 387 10 20
81 109 253 14 19
82 195 379 12 13
83 188 363 18 16
84 114 487 11 11
85 128 430 19 14
86 110 382 18 16
87 163 432 19 18
88 116 449 10 11
89 183 214 13 12
90 156 390 12 14
91 200 496 20 17
92 168 491 11 20
93 113 394 12 12
94 192 411 19 19
95 102 303 14 13
96 108 371 10 16
97 104 439 12 10
98 171 363 12 10
99 177 285 17 14
100 163 319 10 16
101 106 312 14 13
102 159 297 15 14
103 181 308 11 19
104 116 397 16 20
105 114 381 18 20
106 189 267 17 18
107 173 325 19 19
108 162 394 16 19
109 134 475 10 14
110 189 375 18 10
111 194 486 18 12
112 147 229 16 15
113 151 389 12 20
114 180 460 15 19
115 152 207 20 16
116 113 287 17 17
117 130 273 12 16
118 184 227 17 11
119 159 400 10 11
120 173 352 16 18
121 141 315 11 14
122 150 404 11 10
123 142 330 20 19
1665 101
0 159 494 16 10
1 178 355 14 16
2 186 390 12 19
3 162 208 15 19
4 102 440 15 17
5 134 341 11 18
6 106 224 16 13
7 188 380 11 14
8 120 250 18 18
9 185 270 12 12
10 198 429 12 15
11 177 486 12 19
12 110 440 17 20
13 188 347 16 10
14 145 244 13 13
15 200 255 16 17
16 157 343 15 14
17 107 346 16 17
18 155 379 13 17
19 168 428 13 12
20 185 476 18 18
21 105 444 18 13
22 198 219 20 13
23 195 284 14 14
24 124 327 16 13
25 179 314 17 15
26 172 282 14 19
27 171 414 17 18
28 136 497 12 11
29 170 290 17 13
30 164 239 11 11
31 193 404 16 15
32 110 269 13 16
33 173 248 12 11
34 161 482 13 12
35 171 433 12 16
36 175 239 11 19
37 174 448 19 11
38 141 316 15 14
39 178 367 11 17
40 192 395 15 20
41 127 374 13 18
42 126 289 14 10
43 102 499 17 10
44 139 231 18 20
45 183 377 20 18
46 190 386 15 11
47 161 457 17 18
48 112 364 12 13
49 127 409 11 18
50 170 254 12 19
51 125 216 15 14
52 116 481 19 13
53 159 218 18 17
54 159 304 18 15
55 123 274 15 11
56 169 329 20 13
57 174 211 19 16
58 198 405 12 13
59 118 334 11 10
60 116 224 14 20
61 187 439 18 17
62 154 298 14 14
63 141 246 10 14
64 194 390 16 13
65 102 216 11 10
66 146 491 16 15
67 192 489 20 16
68 167 227 18 17
69 138 282 13 20
70 100 266 19 14
71 160 332 11 19
72 197 489 19 20
73 187 262 10 10
74 111 376 18 13
75 145 370 16 16
76 161 379 12 14
77 174 483 12 11
78 110 375 14 18
79 157 487 19 16
80 164 384 16 18
81 142 420 19 15
82 164 223 15 11
83 175 337 15 17
84 194 412 20 12
85 100 292 18 19
86 157 488 12 17
87 153 404 12 11
88 103 302 19 19
89 142 324 13 19
90 164 288 16 10
91 198 498 16 18
92 117 445 15 20
93 120 397 17 20
94 176 459 11 11
95 103 421 13 18
96 134 308 10 11
97 192 326 12 12
98 188 435 20 18
99 124 251 20 14
100 102 201 10 19
1641 104
0 126 285 11 18
1 126 314 11 19
2 122 352 17 13
3 157 486 12 12
4 149 265 18 10
5 164 226 10 12
6 180 290 13 11
7 174 235 15 17
8 133 200 11 18
9 114 388 10 15
10 154 240 17 20
11 147 212 20 18
12 105 211 13 11
13 146 397 20 12
14 144 200 18 18
15 121 401 15 12
16 140 419 20 14
17 178 233 17 14
18 195 276 16 15
19 153 213 20 19
20 134 230 15 19
21 198 412 20 13
22 163 343 10 12
23 138 232 18 17
24 141 421 13 13
25 115 447 17 11
26 179 325 13 12
27 131 296 14 12
28 104 459 12 11
29 164 210 19 14
30 104 206 10 16
31 109 383 12 11
32 161 438 15 19
33 115 230 13 15
34 159 252 17 13
35 193 251 12 17
36 164 394 13 20
37 191 494 15 12
38 160 345 11 13
39 174 204 15 12
40 178 316 16 15
41 134 223 12 15
42 116 430 14 16
43 160 266 14 12
44 147 488 18 17
45 185 260 19 18
46 185 200 18 11
47 144 413 20 20
48 181 398 12 10
49 125 400 13 16
50 139 411 12 12
51 126 329 15 19
52 119 329 17 17
53 185 257 14 18
54 139 267 16 12
55 127 232 16 17
56 101 296 17 14
57 124 359 10 10
58 170 494 18 20
59 192 315 12 17
60 150 201 12 12
61 111 389 17 14
62 126 301 20 10
63 145 479 12 19
64 183 331 11 10
65 170 451 19 16
66 191 204 14 15
67 163 325 12 10
68 106 284 15 18
69 118 348 10 12
70 128 204 12 16
71 135 435 15 18
72 128 489 17 13
73 157 245 15 11
74 200 433 17 15
75 195 422 15 11
76 146 478 14 11
77 189 284 13 13
78 123 340 20 11
79 146 256 19 10
80 183 203 12 10
81 159 488 20 13
82 123 358 10 17
83 152 362 17 15
84 134 250 15 12
85 183 236 12 13
86 164 245 12 14
87 108 440 14 14
88 159 322 18 16
89 182 495 19 10
90 175 288 18 15
91 115 312 11 14
92 119 409 13 19
93 197 214 19 20
94 199 277 16 18
95 178 349 18 15
96 129 294 20 20
97 180 310 13 11
98 196 259 13 15
99 165 398 20 11
100 170 390 11 16
101 133 218 19 20
102 115 424 20 20
103 112 360 10 10
1042 132
0 141 347 12 16
1 135 302 10 19
2 151 444 18 12
3 152 305 12 18
4 143 427 12 18
5 156 494 19 18
6 186 234 11 17
7 157 437 10 17
8 183 279 10 19
9 137 441 13 20
10 131 443 15 17
11 107 341 12 20
12 179 357 16 13
13 104 272 16 15
14 182 226 17 20
15 129 474 18 18
16 171 283 18 14
17 170 467 16 13
18 182 478 13 20
19 158 283 11 19
20 183 266 12 20
21 163 391 18 15
22 120 209 16 19
23 112 483 15 19
24 170 239 18 19
25 126 469 11 13
26 197 382 11 13
27 127 226 19 18
28 116 397 18 16
29 135 269 18 17
30 151 301 10 14
31 184 299 16 15
32 186 434 10 10
33 160 352 19 19
34 129 354 11 15
35 148 318 13 13
36 152 442 11 17
37 156 249 13 18
38 131 290 15 13
39 116 421 11 19
40 153 392 13 20
41 150 216 12 13
42 149 314 12 16
43 160 224 20 10
44 159 333 14 11
45 118 431 20 18
46 100 337 19 20
47 127 351 20 17
48 173 468 14 11
49 141 272 15 14
50 198 473 10 13
51 114 488 15 15
52 162 499 19 18
53 179 354 10 11
54 102 261 10 10
55 107 439 15 10
56 193 339 18 11
57 186 406 11 17
58 108 274 18 16
59 112 414 12 10
60 135 395 18 18
61 124 327 18 15
62 155 280 10 15
63 142 496 17 19
64 184 292 19 18
65 153 229 10 17
66 170 233 17 15
67 144 269 10 10
68 158 203 16 19
69 132 260 12 10
70 173 402 16 17
71 133 456 12 13
72 137 325 14 16
73 149 499 17 20
74 185 294 14 19
75 142 291 12 20
76 187 415 14 20
77 185 273 12 12
78 137 477 12 12
79 151 437 16 13
80 113 275 14 19
81 165 465 19 12
82 127 396 13 18
83 183 247 13 18
84 169 283 17 19
85 148 244 18 18
86 110 325 13 15
87 160 422 15 20
88 198 453 18 19
89 146 260 11 15
90 136 201 14 11
91 153 420 18 16
92 191 368 14 17
93 105 396 13 17
94 104 488 11 13
95 195 247 19 19
96 195 453 14 17
97 161 352 10 19
98 179 440 15 16
99 170 399 15 12
100 184 279 11 13
101 157 380 17 14
102 141 240 20 19
103 100 392 16 12
104 113 202 17 15
105 186 358 19 15
106 153 325 20 16
107 134 366 10 19
108 121 391 17 20
109 126 385 13 15
110 143 493 13 11
111 139 289 18 17
112 139 371 10 12
113 195 361 18 12
114 151 403 18 13
115 165 212 11 17
116 122 244 13 20
117 178 407 13 15
118 102 249 17 17
119 158 412 10 12
120 152 327 20 16
121 179 237 20 13
122 138 206 15 15
123 129 202 16 20
124 112 442 17 19
125 122 476 18 10
126 107 203 14 15
127 118 294 12 15
128 112 294 12 13
129 136 439 20 18
130 177 207 11 13
131 163 490 17 18
